0;0;0;2.544354838709676;29.743087557603687
0;0;1;4.256751066952659;30.131136999269447
0;0;2;5.972203832108818;30.54089840863121
0;0;3;7.694465406110439;30.989826286310592
0;0;4;9.428572838913446;31.487621090061122
0;0;5;11.181220314668487;32.0341884427007
0;0;6;12.960806565884575;32.61954757777141
0;0;7;14.777064815156871;33.22579093172714
0;0;8;16.640215638236583;33.830669510306095
0;0;9;18.559633937907922;34.4118964671059
0;0;10;20.54209711479183;34.95104457453854
0;0;11;22.589796673974977;35.436086384079154
0;0;12;24.698451740649947;35.862129874522005
0;0;13;26.856020373037364;36.230518354458674
0;0;14;29.042572038113835;36.54693124134037
0;0;15;31.23175686093322;36.81927611651653
0;0;16;33.393940703795664;37.05599999278033
0;0;17;35.50055284928791;37.26510437092062
0;0;18;37.52871882058104;37.45380685853063
0;0;19;39.46505400492956;37.628588626510265
0;0;20;41.30769513936941;37.795344628543404
0;0;21;43.06617609307889;37.959467440477574
0;0;22;44.759381639939214;38.125853668613566
0;0;23;46.412276876711154;38.29893190519564
0;0;24;48.05225846459487;38.482816594305056
0;0;25;49.705825143384665;38.68159039355291
0;0;26;51.39596241708362;38.89956104772846
0;0;27;53.140344952309995;39.141217501866144
0;0;28;54.95028132434982;39.41061660599095
0;0;29;56.830274285278556;39.71011486060405
0;0;30;58.778103740296395;40.03868334894253
0;0;31;60.78540058112727;40.39037961526936
0;0;32;62.83871622630892;40.753719036757644
0;0;33;64.92107063601634;41.112548859025566
0;0;34;67.01387240531092;41.44856855135956
0;0;35;69.09897723414674;41.74501627125176
0;0;36;71.16054894878113;41.99052253207947
0;0;37;73.18637944619753;42.18197030251687
0;0;38;75.16844247412962;42.32549091326402
0;0;39;77.10266853403795;42.435346235436725
0;0;40;78.98814878884748;42.53112378922999
0;0;41;80.82611156982766;42.63412021507308
0;0;42;82.61901542119078;42.7638642523124
0;0;43;84.36998272614437;42.935478109365626
0;0;44;86.08262363360791;43.15817414373069
0;0;45;87.7611488259193;43.434825886635586
0;0;46;89.41059337930982;43.762350907370624
0;0;47;91.0369812639642;44.13260322365269
0;0;48;92.64732371136161;44.53353302278483
0;0;49;94.24942396313364;44.95046082949308
1;0;0;3.9268433179723488;23.752304147465438
1;0;1;5.231275767205145;23.872305964316116
1;0;2;6.552580471565356;24.00759571057321
1;0;3;7.904128240338035;24.17222578112877
1;0;4;9.293433264104047;24.378057527092547
1;0;5;10.721705263211769;24.634256935154767
1;0;6;12.185412647491193;24.947233557552135
1;0;7;13.679246299308994;25.320837943799116
1;0;8;15.199370418908401;25.75654480847302
1;0;9;16.745771053081068;26.253410141907963
1;0;10;18.32291225397984;26.80778929865744
1;0;11;19.938610773183424;27.41304080314077
1;0;12;21.601717130294485;28.059569067458792
1;0;13;23.319534939790866;28.73546744591316
1;0;14;25.095799518959836;29.427722526986084
1;0;15;26.929597640842484;30.123586467758567
1;0;16;28.815130460395853;30.811540903390906
1;0;17;30.741970270802096;31.481418826300455
1;0;18;32.695533727970336;32.123689310659216
1;0;19;34.657772630474;32.72841807173
1;0;20;36.60833378860537;33.28469336568241
1;0;21;38.52646593360897;33.78115958664623
1;0;22;40.393712927553715;34.20777786934902
1;0;23;42.19705343857467;34.5583070582153
1;0;24;43.93183010582312;34.8326091924612
1;0;25;45.60371541080829;35.03793334358492
1;0;26;47.22912634051812;35.188766615194105
1;0;27;48.83384730129623;35.30539487927579
1;0;28;50.45001736363323;35.41168203741376
1;0;29;52.11196709622706;35.532597726963445
1;0;30;53.851590986269606;35.69177475328582
1;0;31;55.6940057925029;35.90909883629811
1;0;32;57.65419161734325;36.19825893055517
1;0;33;59.73515989347138;36.564387467473416
1;0;34;61.9279505652374;37.002258165634714
1;0;35;64.21344079091493;37.4957291023803
1;0;36;66.56558588145397;38.01901492517448
1;0;37;68.95538953034796;38.53992216350867
1;0;38;71.35472744167875;39.02456348022943
1;0;39;73.7392238999965;39.44255434903659
1;0;40;76.0897204019331;39.77150752967869
1;0;41;78.392373469706;39.999836648300246
1;0;42;80.637876159923;40.127358380598224
1;0;43;82.82051639222117;40.16375699415361
1;0;44;84.93767541730422;40.12546828807579
1;0;45;86.99000208594703;40.03184061192636
1;0;46;88.98206402515943;39.90150051388074
1;0;47;90.9229814520529;39.74970756786296
1;0;48;92.82651104535773;39.58718194790674
1;0;49;94.71025345622118;39.42050691244239
2;0;0;4.618087557603687;16.379032258064512
2;0;1;6.958920622935632;16.584659421355568
2;0;2;9.318721840392607;16.815515664819813
2;0;3;11.711250484928938;17.09432682451096
2;0;4;14.141447679699226;17.43908982303424
2;0;5;16.60445397438644;17.86135326071281
2;0;6;19.087350419062204;18.365153199958826
2;0;7;21.572786498088906;18.946670641981413
2;0;8;24.043085410365595;19.59461680372449
2;0;9;26.483420434620715;20.291321194040858
2;0;10;28.883200316866873;21.014479172208993
2;0;11;31.235614618787665;21.73947812028987
2;0;12;33.53600016629972;22.442138644298577
2;0;13;35.780013669730074;23.101583077610115
2;0;14;37.96246576121669;23.702820394291393
2;0;15;40.07723476615681;24.23857987933606
2;0;16;42.11818092730879;24.709989730675776
2;0;17;44.08062823245907;25.125891141064916
2;0;18;45.96285316121808;25.50085817756539
2;0;19;47.76708636193319;25.852276541781233
2;0;20;49.499717049409234;26.19703571527195
2;0;21;51.17062731428441;26.548455597228394
2;0;22;52.79183736061679;26.91399376270033
2;0;23;54.37587246873665;27.29409899390848
2;0;24;55.93439566376167;27.682351738445817
2;0;25;57.47759629081673;28.066823625236612
2;0;26;59.014538522966006;28.432432864038983
2;0;27;60.55422361200735;28.76396883748048
2;0;28;62.10669897672321;29.0493753232583
2;0;29;63.68339412687285;29.282786430240765
2;0;30;65.29612019503797;29.46671359267484
2;0;31;66.95477138673495;29.61275890864358
2;0;32;68.66444380801194;29.740385733102205
2;0;33;70.42309980182274;29.87367531914806
2;0;34;72.22083033872872;30.036581303564542
2;0;35;74.041221122821;30.24776492344534
2;0;36;75.86455400697396;30.516390896268877
2;0;37;77.67191067173742;30.8400992849629
2;0;38;79.44895285733098;31.205749945210684
2;0;39;81.18831570447122;31.59268456604492
2;0;40;82.8900652068363;31.977498963043445
2;0;41;84.5603190002579;32.33894503931692
2;0;42;86.20867405030289;32.66169020543846
2;0;43;87.84535150799053;32.93815507941522
2;0;44;89.47889917421143;33.16830632278149
2;0;45;91.11495222625098;33.3578659233139
2;0;46;92.75610242014098;33.51574942774378
2;0;47;94.4025492222383;33.65160664969556
2;0;48;96.05303628677855;33.77414419792932
2;0;49;97.7056451612903;33.8905529953917
3;0;0;7.843894009216591;18.683179723502306
3;0;1;9.289976160191609;19.067018785743326
3;0;2;10.768739227908869;19.461424077313954
3;0;3;12.310700106010172;19.877288759228694
3;0;4;13.942025712595344;20.32590940579831
3;0;5;15.682369269972947;20.81861452070606
3;0;6;17.542893357509012;21.365851957453074
3;0;7;19.524784658384153;21.975786144833496
3;0;8;21.618661506503432;22.652610970605068
3;0;9;23.805247475783176;23.394910290840713
3;0;10;26.057478838455328;24.194460557874574
3;0;11;28.343854019527175;25.035851951421858
3;0;12;30.632438949417104;25.897205132436785
3;0;13;32.894688716277706;26.75208642263004
3;0;14;35.10827234757989;27.572485583395636
3;0;15;37.25840877863553;28.332447368176393
3;0;16;39.33770576204153;29.011706964088503
3;0;17;41.344925274619946;29.598565621866854
3;0;18;43.2832983597545;30.091336793818915
3;0;19;45.1589274606747;30.4980041245101
3;0;20;46.97953993286702;30.834173363360875
3;0;21;48.75357002864795;31.119820802332807
3;0;22;50.48940543434617;31.375603225090902
3;0;23;52.19469240461088;31.619535959753424
3;0;24;53.875779587648935;31.864689919263217
3;0;25;55.53754449319309;32.11827650203394
3;0;26;57.183846765908044;32.38215307357516
3;0;27;58.81864165285101;32.654449114994115
3;0;28;60.44744935287529;32.931742842969264
3;0;29;62.078591196334514;33.21108336662973
3;0;30;63.723551419404;33.49122131911869
3;0;31;65.3960759176493;33.772693741229844
3;0;32;67.11008721468032;34.05682826291591
3;0;33;68.87696348551988;34.344133821380495
3;0;34;70.70297286522238;34.632771297169114
3;0;35;72.58756029086499;34.91776393917396
3;0;36;74.52281628471144;35.19134422237215
3;0;37;76.4940158463529;35.44445650476309
3;0;38;78.48082383185466;35.669076140554694
3;0;39;80.45874469899489;35.86075681264817
3;0;40;82.40061420296824;36.02071589228643
3;0;41;84.27822431146957;36.15682031825455
3;0;42;86.06434385532981;36.283044045196895
3;0;43;87.73532654583154;36.41731830608658
3;0;44;89.27420556396926;36.578126742586086
3;0;45;90.67380712434505;36.78058847659748
3;0;46;91.93916579287962;37.03298088238555
3;0;47;93.08852427276963;37.3345883567201
3;0;48;94.15245867377207;37.675438573806154
3;0;49;95.17108294930875;38.038018433179715
4;0;0;4.3876728110599075;10.849078341013836
4;0;1;6.710876177907513;11.046621317221396
4;0;2;9.039252531570598;11.273800716763313
4;0;3;11.376242382802976;11.55786435342924
4;0;4;13.722293782736598;11.921450387289559
4;0;5;16.07443393297204;12.380697304669262
4;0;6;18.426813016113172;12.943838164740724
4;0;7;20.77207484553978;13.610414565369373
4;0;8;23.103136668696905;14.371220704669978
4;0;9;25.414807672351454;15.209055298647632
4;0;10;27.704720243252755;16.10031489190845
4;0;11;29.97328816954327;17.017397843396555
4;0;12;32.22275000339828;17.931793833113304
4;0;13;34.45566530910609;18.817602132407632
4;0;14;36.67339187471509;19.655058292582925
4;0;15;38.87504378621676;20.433485544927972
4;0;16;41.05725180310218;21.152995343128335
4;0;17;43.21479600193128;21.824339647455947
4;0;18;45.34192865350594;22.46664066660244
4;0;19;47.43400312068155;23.103270260132415
4;0;20;49.48891111720451;23.75676095285347
4;0;21;51.50784585562399;24.4440464872705
4;0;22;53.495081031822174;25.17332432467418
4;0;23;55.45676691168875;25.943348612699264
4;0;24;57.39910290724436;26.74517254624162
4;0;25;59.32650324564741;27.56559012735234
4;0;26;61.24039435467177;28.3910888551485
4;0;27;63.139031732950116;29.21115252863154
4;0;28;65.01829964180298;30.020160287365936
4;0;29;66.8730570478508;30.817683404279475
4;0;30;68.69841258400011;31.60745028529601
4;0;31;70.4904336705231;32.39550229374591
4;0;32;72.24614547634081;33.18809671538796
4;0;33;73.96306219520223;33.989807231324534
4;0;34;75.63871372701651;34.80211760161625
4;0;35;77.27058158827299;35.62266039215616
4;0;36;78.85658429717459;36.44514042960051
4;0;37;80.39591601942874;37.25989857582855
4;0;38;81.88982606343374;38.05500361124506
4;0;39;83.3419365221132;38.81770012700084
4;0;40;84.75790963086527;39.53599034498874
4;0;41;86.14457030876996;40.20010192320052
4;0;42;87.50881101324035;40.803611744169785
4;0;43;88.85665879603819;41.34406794665238
4;0;44;90.19276842697225;41.8230670655227
4;0;45;91.52040148479392;42.245865298561455
4;0;46;92.84176541380204;42.62069073175675
4;0;47;94.1584927890861;42.95794964065983
4;0;48;95.47205439373359;43.2694849709807
4;0;49;96.78398617511519;43.567972350230406
5;0;0;5.77016129032258;27.438940092165893
5;0;1;7.829729651598892;26.889731003836417
5;0;2;9.924374954978973;26.35869362809873
5;0;3;12.085330238261646;25.862316847925726
5;0;4;14.336555571604237;25.413948188940967
5;0;5;16.692105509452308;25.02274393915612
5;0;6;19.154603250772947;24.693134737246822
5;0;7;21.715019267938064;24.42481143669561
5;0;8;24.3538040337187;24.21313877724916
5;0;9;27.043251447210228;24.049849113203937
5;0;10;29.75078550590108;23.923879825235613
5;0;11;32.44269198405699;23.822288380737273
5;0;12;35.08770578573785;23.731264701272746
5;0;13;37.65987691943875;23.63730095621668
5;0;14;40.140319235663384;23.528530646966132
5;0;15;42.51777369985704;23.396117330231363
5;0;16;44.78827818870633;23.235422671113977
5;0;17;46.95446005697037;23.04661196767056
5;0;18;49.02492272944931;22.83444167603311
5;0;19;51.01387827383161;22.607220719207522
5;0;20;52.94074034123253;22.37524979712357
5;0;21;54.829091588769586;22.149261717613225
5;0;22;56.704496517778466;21.939373413411534
5;0;23;58.591089799754286;21.754788989213267
5;0;24;60.507544703563006;21.604080716791756
5;0;25;62.463570155894956;21.495536924033775
5;0;26;64.45817274018849;21.437001496235684
5;0;27;66.48043671155496;21.434903934017953
5;0;28;68.51270078288753;21.49267017194389
5;0;29;70.53513652699809;21.60915778137908
5;0;30;72.53025496192608;21.777920983503464
5;0;31;74.48597658228304;21.987871004655247
5;0;32;76.39650085714244;22.22535599923967
5;0;33;78.26100535140235;22.477101079816837
5;0;34;80.0808682888182;22.73309954013764
5;0;35;81.8564461907737;22.988578795043896
5;0;36;83.58442788805185;23.24453186039304
5;0;37;85.25651927650496;23.506812725386705
5;0;38;86.85980585411686;23.78421916168335
5;0;39;88.37868641972727;24.086190970319176
5;0;40;89.79785363000217;24.420723145738037
5;0;41;91.1055103791893;24.792911124376065
5;0;42;92.29595150029859;25.204311070001342
5;0;43;93.37085268736422;25.653085449728067
5;0;44;94.33903492635345;26.134746993783736
5;0;45;95.21495660694494;26.64322312648547
5;0;46;96.01654131775001;27.171941277735495
5;0;47;96.76305518355441;27.714680506057693
5;0;48;97.47359907428222;28.266031645027155
5;0;49;98.16647465437788;28.82142857142857
6;0;0;9.226382488479263;7.1624423963133665
6;0;1;11.038883653824582;7.777931251033678
6;0;2;12.85281300805338;8.3945035200616
6;0;3;14.670151329303634;9.012984206013662
6;0;4;16.49362326363151;9.633612287161732
6;0;5;18.326359383786713;10.25565128987108
6;0;6;20.17117053778091;10.877063586647813
6;0;7;22.029857986774243;11.49446920835779
6;0;8;23.90307015378136;12.103608228154464
6;0;9;25.791000712179386;12.700381505666028
6;0;10;27.694743681984033;13.282282551495326
6;0;11;29.617600607748617;13.849762952425712
6;0;12;31.56539268821886;14.406950216281691
6;0;13;33.54510293640177;14.961274542660917
6;0;14;35.561930620773346;15.521948047661317
6;0;15;37.615740021775586;16.09771536298069
6;0;16;39.698427912950514;16.694620180223158
6;0;17;41.79355317873658;17.314528321021864
6;0;18;43.87868517978368;17.954808017439134
6;0;19;45.92976612212471;18.609074609794835
6;0;20;47.9259578212843;19.26852661668055
6;0;21;49.853382397721596;19.92332318982588
6;0;22;51.706853568110404;20.563678103543605
6;0;23;53.48968696562986;21.180687358839347
6;0;24;55.21238817796018;21.76712140125386
6;0;25;56.89108426188097;22.318354868341313
6;0;26;58.546063579680094;22.833325697534026
6;0;27;60.200157497677345;23.315118983176408
6;0;28;61.87643124137309;23.7706888394253
6;0;29;63.59497179469855;24.209465980150473
6;0;30;65.36927213189826;24.641057799744782
6;0;31;67.20333113709445;25.07269996995758
6;0;32;69.09066557938608;25.50732885872486
6;0;33;71.01583675833807;25.943001733774228
6;0;34;72.95810919438149;26.373956012427627
6;0;35;74.89599506671071;26.79304943297763
6;0;36;76.81113468903239;27.19486321761413
6;0;37;78.6903416542775;27.578526485832942
6;0;38;80.52546993047844;27.949389531598726
6;0;39;82.3116218115671;28.319008356342092
6;0;40;84.04474694957081;28.70340511770841
6;0;41;85.71973602844189;29.120087832711715
6;0;42;87.3297679629178;29.58467687373172
6;0;43;88.86713373806617;30.108063535359733
6;0;44;90.32524469836791;30.694787803762903
6;0;45;91.70118051313706;31.342867765008933
6;0;46;92.9980014234656;32.044830623494384
6;0;47;94.22613497367497;32.78937407449384
6;0;48;95.40339976562798;33.56302914271128
6;0;49;96.55357142857142;34.35138248847926
7;0;0;5.539746543778801;12.692396313364043
7;0;1;7.7292445795778955;13.127469708309105
7;0;2;9.91129684940215;13.566094242723409
7;0;3;12.080672479736362;14.011788144739548
7;0;4;14.235830830315694;14.467834533064723
7;0;5;16.37918328667645;14.936805301015278
7;0;6;18.51610445904147;15.419827572893114
7;0;7;20.653106678881585;15.915761639040428
7;0;8;22.795889057802388;16.420592287980938
7;0;9;24.947998163920506;16.927378611704373
7;0;10;27.110570300909302;17.427000074718766
7;0;11;29.283158157492938;17.90967430146186
7;0;12;31.465160049221947;18.366889705188033
7;0;13;33.65707640288098;18.793153359655847
7;0;14;35.86086111794512;19.186958206396053
7;0;15;38.07902136396432;19.55067229195559
7;0;16;40.312693355670554;19.889524704340886
7;0;17;42.559425538150265;20.21025976010112
7;0;18;44.81159458656517;20.520119421791733
7;0;19;47.0561668606373;20.82653123515314
7;0;20;49.27599960315546;21.137390603329468
7;0;21;51.45229992207316;21.461431581408217
7;0;22;53.567489004583514;21.808123418941634
7;0;23;55.607698584645526;22.186840980769205
7;0;24;57.56441690368879;22.605535207429295
7;0;25;59.435213495492974;23.06947567061461
7;0;26;61.22377708817882;23.580642037499587
7;0;27;62.939553357738056;24.138007936995063
7;0;28;64.59708411919773;24.73849083026452
7;0;29;66.21489241709007;25.378008040762268
7;0;30;67.81364869381754;26.052069814056253
7;0;31;69.41352765679447;26.755657521876188
7;0;32;71.03107436340923;27.482598721188054
7;0;33;72.67631467080673;28.22499678137567
7;0;34;74.35099452318455;28.973297882809515
7;0;35;76.04856991767254;29.717256041146452
7;0;36;77.75598892616684;30.447560296198976
7;0;37;79.45669636806214;31.157496168017776
7;0;38;81.13395462651262;31.84394903601613
7;0;39;82.77364310320978;32.50735429257288
7;0;40;84.36606696513296;33.150684843894645
7;0;41;85.90672162363785;33.77797097542463
7;0;42;87.39620661003313;34.39296949705999
7;0;43;88.83951129044534;34.99841598222531
7;0;44;90.2448174180981;35.595951430268485
7;0;45;91.62193608599706;36.18651579519829
7;0;46;92.98058872856073;36.770880039740206
7;0;47;94.3288892529194;37.35005194844533
7;0;48;95.67244859934642;37.92544646485973
7;0;49;97.01440092165899;38.498847926267274
8;0;0;6.461405529953918;20.065668202764982
8;0;1;8.33964577601089;20.520896825467698
8;0;2;10.216511982174604;20.984820474110574
8;0;3;12.093127342307724;21.465891414566055
8;0;4;13.974321428854294;21.971870016532588
8;0;5;15.867842744286733;22.509080850932666
8;0;6;17.781766327605016;23.081453220246118
8;0;7;19.721107529724865;23.68954692913957
8;0;8;21.685031975606247;24.329777099454002
8;0;9;23.665837597063902;24.99396926726605
8;0;10;25.65019736322518;25.669279759424573
8;0;11;27.622311614332116;26.338496925045316
8;0;12;29.567979896514156;26.98081810317853
8;0;13;31.47838134390932;27.573293571701587
8;0;14;33.352555614501085;28.093102755868035
8;0;15;35.19804164134451;28.52058946225903
8;0;16;37.02964761765056;28.842584209882734
8;0;17;38.866738619948016;29.055180072760496
8;0;18;40.729680918308226;29.165039557133856
8;0;19;42.6361857611009;29.1886171684076
8;0;20;44.59827703339503;29.149303436118007
8;0;21;46.62047653501142;29.073174985738138
8;0;22;48.69955671153668;28.984477127660572
8;0;23;50.82587110366391;28.90199079325463
8;0;24;52.98589777263823;28.837060483175733
8;0;25;55.16532050641149;28.79346821973483
8;0;26;57.35183362722288;28.768778720275904
8;0;27;59.536953899686445;28.75645148445139
8;0;28;61.71644094121911;28.747993364196592
8;0;29;63.8893606870819;28.734657814644695
8;0;30;66.05621858178182;28.708544146477248
8;0;31;68.21680141713206;28.66325027860415
8;0;32;70.36834293888246;28.59436698694339
8;0;33;72.50441785838939;28.500035576215268
8;0;34;74.61469147729203;28.38158080810649
8;0;35;76.68542665315327;28.24399766121755
8;0;36;78.70053377504661;28.095946287297128
8;0;37;80.64292690585177;27.948977161091605
8;0;38;82.49596872921386;27.81595762364714
8;0;39;84.24481292279671;27.708995552748917
8;0;40;85.87748907153934;27.637400257646195
8;0;41;87.38564578308696;27.606258581176064
8;0;42;88.7649748042346;27.61600749072569
8;0;43;90.01544259939574;27.66304073789843
8;0;44;91.1414930136475;27.74105237426134
8;0;45;92.15231658207733;27.842633725769335
8;0;46;93.0621315788075;27.960656466841755
8;0;47;93.89026967326856;28.089145246129807
8;0;48;94.66079877977604;28.223562698330984
8;0;49;95.40149769585253;28.36059907834101
9;0;0;6.922235023041473;7.623271889400911
9;0;1;8.55915423381308;8.49903836674678
9;0;2;10.209382285178433;9.387999805002122
9;0;3;11.882787265431809;10.300871167573218
9;0;4;13.58325894041112;11.24403027492385
9;0;5;15.307715226265943;12.218713207143871
9;0;6;17.046842326109893;13.221363057437705
9;0;7;18.787258198690523;14.24487739916347
9;0;8;20.514414936815424;15.280252296958741
9;0;9;22.215448584882054;16.318085931076997
9;0;10;23.88137557622353;17.349596061496573
9;0;11;25.508409857605475;18.36711827736621
9;0;12;27.098524968983664;19.364307836159014
9;0;13;28.659523272792924;20.336315909597815
9;0;14;30.20475090920625;21.28002864358319
9;0;15;31.752338893626668;22.194179863728692
9;0;16;33.3236859408635;23.07899386216148
9;0;17;34.941006970696236;23.935142202315518
9;0;18;36.62415593501965;24.762185878399233
9;0;19;38.38739803971347;25.557106467044093
9;0;20;40.23707076127743;26.31371834265687
9;0;21;42.17093565386944;27.02352073073015
9;0;22;44.17949640863367;27.677957507122333
9;0;23;46.24886751590345;28.271394258729227
9;0;24;48.36423265504845;28.803748361613575
9;0;25;50.51276154016059;29.281821758585853
9;0;26;52.68510106952427;29.718919238176767
9;0;27;54.87508669399406;30.132993256117533
9;0;28;57.07791515326385;30.544002570061505
9;0;29;59.2874846124619;30.971224940976466
9;0;30;61.49382884372531;31.430988279739427
9;0;31;63.6815215968191;31.934921971348786
9;0;32;65.82964561626868;32.48862957407494
9;0;33;67.91349425977576;33.090742725191795
9;0;34;69.90771734000738;33.732531321187956
9;0;35;71.79025482218267;34.39839981263807
9;0;36;73.546210567617;35.06751768988844
9;0;37;75.1708361684379;35.71650144205285
9;0;38;76.6709968721439;36.322648409242056
9;0;39;78.06481353378148;36.86695552041667
9;0;40;79.37953815690405;37.3361981050964
9;0;41;80.64805032518744;37.72368407323028
9;0;42;81.90459428129584;38.02876619938628
9;0;43;83.18046998789487;38.255567351426684
9;0;44;84.50033794773888;38.411501616888565
9;0;45;85.87962679201632;38.506051070763824
9;0;46;87.32330252906006;38.549995322988416
9;0;47;88.82603172914988;38.555038294396184
9;0;48;90.37359281411307;38.53363846517354
9;0;49;91.94527649769583;38.498847926267274
10;0;0;5.309331797235021;28.36059907834101
10;0;1;7.091797767839129;28.632819256730205
10;0;2;8.873333429726626;28.905259073924913
10;0;3;10.65287878591297;29.177231868648303
10;0;4;12.42937843240751;29.44652269563423
10;0;5;14.202336873957776;29.70925912361585
10;0;6;15.972767359577887;29.96034824298251
10;0;7;17.74430069243796;30.19439183215987
10;0;8;19.52406525575998;30.406847393718376
10;0;9;21.322910646964775;30.595118613642445
10;0;10;23.1546572005781;30.75926253780192
10;0;11;25.03429619812052;30.902096067881562
10;0;12;26.9753802285319;31.028650170359736
10;0;13;28.987142944472854;31.14511539304966
10;0;14;31.072078492324636;31.25759178492052
10;0;15;33.22471068399307;31.37103989390148
10;0;16;35.432044242267544;31.48877994938879
10;0;17;37.67574036656068;31.612696608516718
10;0;18;39.93552010849162;31.744031595397256
10;0;19;42.19287626349956;31.88439631704828
10;0;20;44.43407049391271;32.036531342897284
10;0;21;46.651689149971695;32.20444406563246
10;0;22;48.84461050190372;32.39283308309742
10;0;23;51.016812456772385;32.60602924538947
10;0;24;53.17572269013342;32.8468945942465
10;0;25;55.33065511909848;33.11612563113173
10;0;26;57.49143268735716;33.4122183542493
10;0;27;59.66690962882311;33.73207436069685
10;0;28;61.86309736586802;34.07199300175336
10;0;29;64.08103159662893;34.428693557572124
10;0;30;66.31511822505668;34.8000544469815
10;0;31;68.55299304947526;35.18539000567082
10;0;32;70.77757049292101;35.58523562658391
10;0;33;72.97098086134248;36.00072678911315
10;0;34;75.11898723597278;36.43272231282789
10;0;35;77.21390714994476;36.88085030430447
10;0;36;79.25448903451361;37.34266490422802
10;0;37;81.24251207428728;37.81309823338674
10;0;38;83.17745386422966;38.284363997964675
10;0;39;85.05157674856373;38.74640193986784
10;0;40;86.8476865956548;39.18784406040694
10;0;41;88.54068086389923;39.59735707696138
10;0;42;90.1024289282572;39.96511313250494
10;0;43;91.5082887250774;40.28410402580699
10;0;44;92.74317110464374;40.551060752256184
10;0;45;93.80554057881841;40.76685194414231
10;0;46;94.70870220106957;40.93636681536808
10;0;47;95.47965340171218;41.06799148465504
10;0;48;96.15631237903979;41.17283225762119
10;0;49;96.78398617511519;41.263824884792626
11;0;0;4.3876728110599075;15.457373271889395
11;0;1;6.7684330916799;15.909136166767729
11;0;2;9.126296985881773;16.346407834661786
11;0;3;11.441387252373588;16.758304534972496
11;0;4;13.699643665512975;17.140132768928666
11;0;5;15.895098007948539;17.494245207645555
11;0;6;18.031227627238973;17.82900411404127
11;0;7;20.120974755590456;18.156253691709228
11;0;8;22.18517126644167;18.488107404633396
11;0;9;24.24944038531873;18.833970096637568
11;0;10;26.34006954219974;19.198526884122604
11;0;11;28.479696609227727;19.58104770378519
11;0;12;30.683760507628147;19.975944912134207
11;0;13;32.95846410525371;20.374226861603933
11;0;14;35.30055025347025;20.765376956058716
11;0;15;37.69867908135123;21.139230150705984
11;0;16;40.13581365775079;21.487541649190575
11;0;17;42.591891546786954;21.805072576506472
11;0;18;45.04617843707485;22.090117522487656
11;0;19;47.47896574772363;22.344469051060646
11;0;20;49.87255589585225;22.57287115393754
11;0;21;52.211680613725854;22.782068550791156
11;0;22;54.48358632016317;22.979609060289267
11;0;23;56.67801522923906;23.17259062933279
11;0;24;58.78725235232383;23.366553371394797
11;0;25;60.80633187927353;23.564697994874482
11;0;26;62.73341909908532;23.767568397405686
11;0;27;64.57030880585017;23.97327025222211
11;0;28;66.32290667896827;24.17820849960252
11;0;29;68.001492196674;24.378217453920133
11;0;30;69.62051979323174;24.56984466952414
11;0;31;71.19773051653489;24.751470327049248
11;0;32;72.75244940228934;24.923943892459942
11;0;33;74.30314150628702;25.090529627678393
11;0;34;75.86455752139136;25.256159735144667
11;0;35;77.4450393315404;25.426234088409785
11;0;36;79.04467658109888;25.60538330217347
11;0;37;80.65492782155478;25.796644705457805
11;0;38;82.26002573035827;26.00136100454519
11;0;39;83.84003611569493;26.21984303867964
11;0;40;85.3749614275855;26.452539104395814
11;0;41;86.84892520654451;26.701235875043665
11;0;42;88.25337657481367;26.969763683926356
11;0;43;89.5884768956462;27.263818591994966
11;0;44;90.86233546383131;27.589805887564648
11;0;45;92.08840288238063;27.95295985864212
11;0;46;93.28189705160675;28.35528196254796
11;0;47;94.45642305371659;28.79395815164085
11;0;48;95.621842959535;29.26081577114483
11;0;49;96.78398617511519;29.743087557603687
12;0;0;8.535138248847925;9.927419354838719
12;0;1;9.660451844323823;11.261354984190492
12;0;2;10.781481815106682;12.574356464600013
12;0;3;11.896476920871784;13.84785808710983
12;0;4;13.007931594231154;15.067431948122291
12;0;5;14.123026338225216;16.22359470529749
12;0;6;15.252899126962324;17.31164734806333
12;0;7;16.411333225188162;18.330858120557206
12;0;8;17.61361205740296;19.28342950342305
12;0;9;18.876047006563166;20.173599648244643
12;0;10;20.216138404710048;21.00699896348192
12;0;11;21.652757609684674;21.79016499417933
12;0;12;23.205456670264365;22.530042361231292
12;0;13;24.8922286977197;23.233389772121814
12;0;14;26.72573485277249;23.906202228681735
12;0;15;28.708908965245328;24.553398688566645
12;0;16;30.83151951017499;25.17902048071366
12;0;17;33.0693206110229;25.787019854882242
12;0;18;35.38671769500936;26.38246414179028
12;0;19;37.74263390745789;26.97274979860187
12;0;20;40.09801466239614;27.56830552721974
12;0;21;42.42272830098931;28.18231304773923
12;0;22;44.699839261098276;28.829192385541685
12;0;23;46.9262413476503;29.52195323493439
12;0;24;49.10996121149057;30.268930535874258
12;0;25;51.26548541671192;31.07077552925888
12;0;26;53.40883852464824;31.918705748717162
12;0;27;55.55382019273306;32.79480437251831
12;0;28;57.710080156031076;33.674599130437706
12;0;29;59.88295444584326;34.53141381023308
12;0;30;62.07448011846424;35.34136642802831
12;0;31;64.28482901886338;36.08766479016648
12;0;32;66.51348146437836;36.763123865526325
12;0;33;68.7596779908905;37.370458924453935
12;0;34;71.02195240170603;37.920590500988425
12;0;35;73.2968202385811;38.42964611280649
12;0;36;75.57694948357705;38.91544823474951
12;0;37;77.84933825471482;39.39413178094083
12;0;38;80.09411505758372;39.8773290492841
12;0;39;82.2845160257235;40.37023320741161
12;0;40;84.38837316257423;40.870802677254005
12;0;41;86.37111259962482;41.37029662064771
12;0;42;88.19989946678156;41.8551445864618
12;0;43;89.84827652027961;42.309860249773806
12;0;44;91.30050534864729;42.72042202355846
12;0;45;92.554861179292;43.07739932086718
12;0;46;93.6253290010452;43.378172984482994
12;0;47;94.54143362890017;43.627846483467046
12;0;48;95.34623196802157;43.83876129578291
12;0;49;96.09274193548387;44.028801843317964
13;0;0;8.535138248847925;29.743087557603687
13;0;1;10.277794740009622;30.041554623603606
13;0;2;12.015221598511852;30.330588434202927
13;0;3;13.744728967613268;30.60269031695519
13;0;4;15.468134482658817;30.853938952797197
13;0;5;17.192697147492293;31.08504476193526
13;0;6;18.9307634211995;31.301543602519676
13;0;7;20.69814854805586;31.512959158958214
13;0;8;22.51157442399182;31.73097140889622
13;0;9;24.385737302211513;31.966917111727724
13;0;10;26.330706929612806;32.229223539894654
13;0;11;28.350299644871754;32.5215054695855
13;0;12;30.441805347121996;32.84193287003884
13;0;13;32.597040268885245;33.184098543953915
13;0;14;34.80427512854695;33.5391053631724
13;0;15;37.0503131898871;33.89815888371413
13;0;16;39.32198786489599;34.25478285176097
13;0;17;41.60663628214548;34.605947423792124
13;0;18;43.8915836956989;34.95183616929216
13;0;19;46.163156348240086;35.29449179430679
13;0;20;48.40602453612808;35.63596658921365
13;0;21;50.60362358691251;35.97672440131837
13;0;22;52.73999145419658;36.3148728222617
13;0;23;54.80272647422864;36.646434040106215
13;0;24;56.78615473207855;36.96644725874997
13;0;25;58.69348465852354;37.27040073638202
13;0;26;60.53690715753981;37.555427748305625
13;0;27;62.33526001425313;37.82087582938242
13;0;28;64.1097719957237;38.068172593026894
13;0;29;65.87915542716111;38.30020516629961
13;0;30;67.65559203481403;38.52056803466658
13;0;31;69.4428345610048;38.732974198259875
13;0;32;71.23687327572217;38.94093496195521
13;0;33;73.02872195833415;39.147622706159666
13;0;34;74.80820889043406;39.355746657706725
13;0;35;76.56743086667908;39.56732243811124
13;0;36;78.30276698314418;39.78334697839679
13;0;37;80.01491822796685;40.00350879224143
13;0;38;81.7071218112019;40.22609922340309
13;0;39;83.3822693909564;40.44822981046844
13;0;40;85.03997847723811;40.66634376515043
13;0;41;86.67465809917032;40.876896743196134
13;0;42;88.27529882099418;41.077022484750614
13;0;43;89.82720545026818;41.265010742498724
13;0;44;91.31532438828255;41.44049564003985
13;0;45;92.72834828242905;41.604350275295495
13;0;46;94.06253026228892;41.7583713234933
13;0;47;95.32417298884889;41.90488682171941
13;0;48;96.5300656617614;42.04641859781548
13;0;49;97.7056451612903;42.185483870967744
14;0;0;6.461405529953918;20.987327188940085
14;0;1;8.600194253435193;21.114351044885098
14;0;2;10.717249328038664;21.236274698112066
14;0;3;12.794228987063294;21.347482653237787
14;0;4;14.818734721751875;21.441513545356326
14;0;5;16.785492704900136;21.51107319604924
14;0;6;18.69611132474335;21.548490010952023
14;0;7;20.55778257052818;21.546610319676336
14;0;8;22.38148675001142;21.499999745711207
14;0;9;24.180180557991577;21.406190307830116
14;0;10;25.967207118510434;21.266643944327853
14;0;11;27.75494658753912;21.08713533316392
14;0;12;29.553661215536724;20.877396490445932
14;0;13;31.370577663509703;20.650068567400634
14;0;14;33.20936852433139;20.419195168463204
14;0;15;35.07020509871728;20.198595957736885
14;0;16;36.95041405359035;20.000453499348136
14;0;17;38.84557127610474;19.83435729691748
14;0;18;40.750747800520834;19.706929890502835
14;0;19;42.66165433139384;19.622049266767387
14;0;20;44.57555083897966;19.581583726158915
14;0;21;46.49186293489314;19.58645544010004
14;0;22;48.412403431702366;19.637751286719663
14;0;23;50.34100534734994;19.737546388424818
14;0;24;52.28239768740037;19.8891551036414
14;0;25;54.24040797379174;20.096697544076346
14;0;26;56.21597903819329;20.364113623142114
14;0;27;58.20579070855741;20.69395851886554
14;0;28;60.20222097541278;21.08636938836176
14;0;29;62.194902585491015;21.538481046360417
14;0;30;64.17343953179439;22.04436686565961
14;0;31;66.1303096594798;22.595415382153135
14;0;32;68.06288435017315;23.181004532925442
14;0;33;69.97387657407216;23.789386769228017
14;0;34;71.87015565057656;24.408756030472663
14;0;35;73.76041336051473;25.02844479213424
14;0;36;75.6524089948387;25.64009108156858
14;0;37;77.55044792204232;26.2385057808396
14;0;38;79.45351253310899;26.82196713356278
14;0;39;81.35424954111402;27.39181619353676
14;0;40;83.23891700413537;27.95146562294765
14;0;41;85.08837827581833;28.505140809323283
14;0;42;86.88019845221288;29.05673945458034
14;0;43;88.5917672606053;29.609099202683968
14;0;44;90.20413128150214;30.16376748290764
14;0;45;91.70594048072083;30.721178302005654
14;0;46;93.0967162832399;31.28103721562414
14;0;47;94.38863661380208;31.842717034159254
14;0;48;95.6062544397846;32.40553805361399
14;0;49;96.78398617511519;32.968894009216584
15;0;0;6.922235023041473;9.005760368663601
15;0;1;8.246834892055169;9.40173262011915
15;0;2;9.637681584802726;9.821938076134257
15;0;3;11.148945350876033;10.284432534204607
15;0;4;12.813795003600537;10.79663937405877
15;0;5;14.64074108247244;11.35379375760172
15;0;6;16.615694873265102;11.940579470496296
15;0;7;18.708516261397744;12.535349926031087
15;0;8;20.881723061556173;13.115693679188068
15;0;9;23.09881069323491;13.663891193208377
15;0;10;25.3302183009006;14.170989671032958
15;0;11;27.556026725288294;14.638660255676507
15;0;12;29.765547520820956;15.078542905993828
15;0;13;31.954726994508444;15.509321568710083
15;0;14;34.12261350780387;15.952245412858195
15;0;15;36.26806979860447;16.426164342737493
15;0;16;38.387592924799975;16.943296043169084
15;0;17;40.47466764333996;17.506800930054126
15;0;18;42.520617998241384;18.11078530800481
15;0;19;44.516504847658744;18.74267373088165
15;0;20;46.455321427074324;19.387194287817504
15;0;21;48.33365779486733;20.0307497879492
15;0;22;50.152205410239134;20.66488045144985
15;0;23;51.91493093008634;21.28788711817727
15;0;24;53.62731154278017;21.904340751767663
15;0;25;55.29445267391963;22.522907857208732
15;0;26;56.91998813155859;23.153416182563713
15;0;27;58.50632915803164;23.804204266135503
15;0;28;60.056222276429885;24.480527106753346
15;0;29;61.57497423652552;25.184266939945235
15;0;30;63.072374601728534;25.9146550580861
15;0;31;64.5634172648678;26.669374102056853
15;0;32;66.06733179222647;27.44540088481527
15;0;33;67.60500377676992;28.239229661941994
15;0;34;69.1953936331568;29.04651310903213
15;0;35;70.85191057773012;29.861462280646563
15;0;36;72.57977864648666;30.67642210131908
15;0;37;74.37520808497884;31.48189219947808
15;0;38;76.22668270481998;32.26702098891126
15;0;39;78.11801416666096;33.020417323363716
15;0;40;80.03222385914286;33.731080051233796
15;0;41;81.9550465950859;34.38931343239445
15;0;42;83.8770521332059;34.98758192851947
15;0;43;85.79397545180773;35.52128394193199
15;0;44;87.70555424751903;35.98938455165794
15;0;45;89.6136561363125;36.39479822902455
15;0;46;91.52054023945152;36.744415705131026
15;0;47;93.42778441274368;37.048739309987475
15;0;48;95.33595991914011;37.32118721792725
15;0;49;97.24481566820275;37.57718894009216
16;0;0;6.230990783410139;25.134792626728114
16;0;1;8.115103633136718;25.475392297023138
16;0;2;10.011523488998415;25.81297946457613
16;0;3;11.930434818908957;26.142869282070674
16;0;4;13.87828757685196;26.457506571687052
16;0;5;15.85706166673699;26.746106306342565
16;0;6;17.864541452789084;26.995296404383236
16;0;7;19.89549478458737;27.190678377122577
16;0;8;21.94346557653982;27.31898612684932
16;0;9;24.00277465036325;27.370368297707728
16;0;10;26.070268301479334;27.340294916380685
16;0;11;28.14635369647984;27.230702621623916
16;0;12;30.234943184808458;27.05020103835443
16;0;13;32.342139453773065;26.813386852759848
16;0;14;34.473834705158446;26.539474742116685
16;0;15;36.63278867331079;26.250517760020372
16;0;16;38.8160365082345;25.969469760399033
16;0;17;41.0135052496124;25.71828935672329
16;0;18;43.20843363397004;25.51624605704181
16;0;19;45.37968556684432;25.37857881301449
16;0;20;47.50551265140555;25.315653784695314
16;0;21;49.56793874887442;25.332737105981337
16;0;22;51.556797212044756;25.430420233125957
16;0;23;53.47252885907062;25.605618756197853
16;0;24;55.32707621584376;25.852941273842404
16;0;25;57.14253575034212;26.166131225528485
16;0;26;58.947638190137674;26.539255057299005
16;0;27;60.77259316879819;26.967367231569302
16;0;28;62.64327413899804;27.446529406204963
16;0;29;64.57598679845232;27.9732685878103
16;0;30;66.57401708128727;28.5437598515465
16;0;31;68.62674707638206;29.153124365604537
16;0;32;70.71146250189601;29.795175868226266
16;0;33;72.79727879560092;30.46273154034027
16;0;34;74.85013285523011;31.148316503555648
16;0;35;76.83767978497356;31.844875057342545
16;0;36;78.73319201479801;32.546071003122364
16;0;37;80.51802521430056;33.24593667165732
16;0;38;82.18267101291649;33.93793304637143
16;0;39;83.72668796388444;34.61377242185165
16;0;40;85.157841205139;35.26250987056395
16;0;41;86.49066685033365;35.870381527010586
16;0;42;87.74454966888929;36.42168257791059
16;0;43;88.94137416550267;36.90070342729113
16;0;44;90.10290422455256;37.29445062112135
16;0;45;91.24820226973715;37.59563042814424
16;0;46;92.39151464168314;37.80522096748305
16;0;47;93.54104751386564;37.9339525987202
16;0;48;94.69891800226281;38.00218684661207
16;0;49;95.86232718894006;38.038018433179715
17;0;0;6.230990783410139;13.153225806451616
17;0;1;7.48150852310998;13.437350442931688
17;0;2;8.747175528523007;13.722738390346782
17;0;3;10.043247534577112;14.010961426194855
17;0;4;11.384743032576665;14.30412330787997
17;0;5;12.785408260915501;14.6049122769099
17;0;6;14.256094864704112;14.916414313417837
17;0;7;15.803009026404014;15.24167797548698
17;0;8;17.42651248603448;15.583121832013154
17;0;9;19.121131101155907;15.94197956181173
17;0;10;20.877118164768845;16.318022321454198
17;0;11;22.68339678690279;16.709730327207026
17;0;12;24.531141152787985;17.114907140795236
17;0;13;26.416878240233046;17.531514228526163
17;0;14;28.343992935232688;17.958366535992898
17;0;15;30.321961637042545;18.395365841158807
17;0;16;32.36339698489041;18.843164334947662
17;0;17;34.479777372937384;19.302448086441743
17;0;18;36.677235414055566;19.773250999604045
17;0;19;38.95377102325018;20.254722580267195
17;0;20;41.298730264385625;20.74554785024037
17;0;21;43.694563679815666;21.244852918414807
17;0;22;46.12008800958531;21.753108963169836
17;0;23;48.55404085253932;22.27245249040318
17;0;24;50.977794356196775;22.806055508645773
17;0;25;53.376606627832835;23.356637139231776
17;0;26;55.73947064312637;23.92470123587972
17;0;27;58.058142174421114;24.507357690194905
17;0;28;60.32607043995561;25.098463926909748
17;0;29;62.53771796416254;25.690316017399624
17;0;30;64.6883460281353;26.276430272885918
17;0;31;66.77403227696654;26.8543958720754
17;0;32;68.79164023499823;27.427612727614775
17;0;33;70.7386355573983;28.005050214530883
17;0;34;72.61285177662121;28.598852278149668
17;0;35;74.41237139705788;29.22039956448803
17;0;36;76.13557722665405;29.87601438469372
17;0;37;77.78127130957252;30.563647513742197
17;0;38;79.34871714803023;31.271575518038485
17;0;39;80.8375856020861;31.97949734158676
17;0;40;82.24796680425487;32.66169480102574
17;0;41;83.58067191413092;33.29136775842844
17;0;42;84.83789695449607;33.845035967990874
17;0;43;86.02403726540676;34.30603943602204
17;0;44;87.14622946739922;34.666561957875466
17;0;45;88.21423499802363;34.928075901338154
17;0;46;89.23957982145782;35.10049728221964
17;0;47;90.23426223385916;35.20054960864014
17;0;48;91.20959422955407;35.249844308105274
17;0;49;92.17569124423963;35.27304147465438
18;0;0;9.687211981566819;6.240783410138249
18;0;1;11.569854320803488;6.7085834862364
18;0;2;13.438226697393015;7.170145359435082
18;0;3;15.281126403033122;7.620209907903338
18;0;4;17.092745607151727;8.0553039932744
18;0;5;18.8737598386335;8.474202667454067
18;0;6;20.63105680288476;8.87791185590131
18;0;7;22.376351626056692;9.269147618413779
18;0;8;24.12416046202057;9.65145783818911
18;0;9;25.889638228453737;10.028287716922474
18;0;10;27.686664062953067;10.402340966355823
18;0;11;29.52637083409733;10.775487505211645
18;0;12;31.416157190384315;11.149249583908656
18;0;13;33.35914731583717;11.5256590522786
18;0;14;35.354072891629905;11.90812404164859
18;0;15;37.395595046787626;12.301931547864369
18;0;16;39.47509684425827;12.714134616476516
18;0;17;41.581917537894164;13.152773056207026
18;0;18;43.704878148774306;13.625585772785072
18;0;19;45.83382459765259;14.138532701421042
18;0;20;47.96086678917623;14.694514489943927
18;0;21;50.08106143131681;15.29263685364449
18;0;22;52.192446451754314;15.928217285347918
18;0;23;54.29550507168423;16.593512505437136
18;0;24;56.392239066451545;17.278927149074477
18;0;25;58.485042190028786;17.974331043614338
18;0;26;60.575532462418046;18.67012225729954
18;0;27;62.663493694024204;19.357826318100475
18;0;28;64.7461159707107;20.03025357602336
18;0;29;66.8177628114369;20.681441529248094
18;0;30;68.87044282181495;21.306689915417635
18;0;31;70.89497682671276;21.90291152161049
18;0;32;72.88257284801534;22.469306805300388
18;0;33;74.82628293645818;23.008125085086913
18;0;34;76.72176487114034;23.525117790419824
18;0;35;78.56697884283098;24.029303252545805
18;0;36;80.36085564582413;24.531857252316627
18;0;37;82.10140920179532;25.044249640321368
18;0;38;83.7840340758423;25.576045728269047
18;0;39;85.4007006427985;26.132962189262923
18;0;40;86.94044468378364;26.715738625093284
18;0;41;88.39108288883396;27.320161098431793
18;0;42;89.74166969758299;27.938230857187083
18;0;43;90.98500617103764;28.56013374460522
18;0;44;92.11957178251724;29.17645462697378
18;0;45;93.15050911274274;29.780066437558393
18;0;46;94.08961242929082;30.367293931617706
18;0;47;94.95452106504251;30.938221397000913
18;0;48;95.76742629175548;31.496261453741706
18;0;49;96.55357142857142;32.047235023041466
19;0;0;7.152649769585253;15.918202764976954
19;0;1;8.755900862382264;16.459641491157168
19;0;2;10.380215830491979;17.00398468547337
19;0;3;12.044811425572433;17.554092518153244
19;0;4;13.764908764816035;18.112386339761116
19;0;5;15.549531246157505;18.680063365058874
19;0;6;17.40015159429976;19.256276802122702
19;0;7;19.311267312502242;19.837825979408436
19;0;8;21.273372263813055;20.419715153600382
19;0;9;23.277611811056005;20.99646644399245
19;0;10;25.32032052666466;21.563605222445897
19;0;11;27.405350795522054;22.11858426121496
19;0;12;29.542901578282592;22.660690769041377
19;0;13;31.74511535966315;23.19002732148826
19;0;14;34.020240486765395;23.706143472776276
19;0;15;36.36786757464563;24.207038903986074
19;0;16;38.77729409856022;24.68900675135056
19;0;17;41.22970578435318;25.147324359798457
19;0;18;43.70326401178047;25.57741365972856
19;0;19;46.179074318289054;25.97597884402713
19;0;20;48.6457998925523;26.341782677607025
19;0;21;51.1013522119639;26.675982425634515
19;0;22;53.551261567848286;26.98212352991675
19;0;23;56.00449350699542;27.26589796626421
19;0;24;58.46821756879675;27.534672556811014
19;0;25;60.94316907486209;27.796719099424923
19;0;26;63.4208420549831;28.060138110504344
19;0;27;65.88305419157467;28.331648516167046
19;0;28;68.30372326378087;28.61559059482599
19;0;29;70.65220960346807;28.913509881401563
19;0;30;72.89739510002198;29.22449709495736
19;0;31;75.0117370920001;29.546138582287544
19;0;32;76.97473051085159;29.875662624082796
19;0;33;78.77541250778722;30.210803771811072
19;0;34;80.41368909942291;30.550077891847113
19;0;35;81.9003616756114;30.8924547685736
19;0;36;83.2558288006572;31.236668559876694
19;0;37;84.50757372799943;31.580509411462874
19;0;38;85.68672200014605;31.92038986057011
19;0;39;86.82413271276299;32.2513502760061
19;0;40;87.94662246447187;32.5675320855996
19;0;41;89.07396719678921;32.86303265806012
19;0;42;90.21725044750728;33.132954364362064
19;0;43;91.37891001006845;33.37437795951936
19;0;44;92.55449038618856;33.586968364778315
19;0;45;93.7356941849979;33.773008195213656
19;0;46;94.91395265542775;33.936851997394925
19;0;47;96.08354152327809;34.08402627547647
19;0;48;97.24336062825046;34.220345663101064
19;0;49;98.39688940092165;34.35138248847925
